 2054
       6207
       6215
       6210
       6173
       6234
       6161
       6186
       5842
       5930
       6145
       6146
        192
        233
       6147
       4839
       4867
       4780
        959
       6179
       6151
        112
       6208
       6140
       6154
       5810
       5865
       5827
       6171
       4732
       5921
       6156
       6228
        826
       6196
       6172
        824
         28
       5840
       6174
       6241
       6223
       6138
       1999
        198
        950
        859
       6137
       6157
       5864
       5922
       6150
       6167
       6168
       6225
        215
